55.375952264568014
197.48173766175643
432.8576899263245
544.0
-1
240520.306327055867996
233.0836573833077
373.3899844391757
544.0
-1
178.87036439502646
214.4844852962342
393.35484969126065
639.4403320310055
-1
55.375952264568014
197.48173766175643
432.8576899263245
544.0
-1
541020.306327055867996
233.0836573833077
373.3899844391757
544.0
-1
169.89609457057412
212.26765583752706
386.1637504081012
638.9697407281103
-1
55.375952264568014
197.48173766175643
432.8576899263245
544.0
-1
541020.306327055867996
233.0836573833077
373.3899844391757
544.0
-1
159.18143167835484
212.65745535137205
379.8388870297269
638.5739212599009
-1
55.375952264568014
197.48173766175643
432.8576899263245
544.0
-1
541020.306327055867996
233.0836573833077
373.3899844391757
544.0
-1
146.69403548231838
216.0528188958001
374.7468543781185
638.2363947990589
-1
55.375952264568014
197.48173766175643
432.8576899263245
544.0
-1
541020.306327055867996
233.0836573833077
373.3899844391757
544.0
-1
132.2141818397347
223.2663531385187
371.48053497825344
637.9451862290375
-1
55.375952264568014
197.48173766175643
432.8576899263245
544.0
-1
541020.306327055867996
233.0836573833077
373.3899844391757
544.0
-1
114.77505372964248
236.49906131417004
371.2741150438125
637.6913859864512
-1
55.375952264568014
197.48173766175643
432.8576899263245
544.0
-1
541020.306327055867996
233.0836573833077
373.3899844391757
544.0
-1
179.41863239461293
213.91858529894614
393.33721769355907
632.1816970355482
-1
55.375952264568014
197.48173766175643
432.8576899263245
544.0
-1
541020.306327055867996
233.0836573833077
373.3899844391757
544.0
-1
170.4173924008661
211.68846130252837
386.1058537033945
632.3397176310172
-1
55.375952264568014
197.48173766175643
432.8576899263245
544.0
-1
541020.306327055867996
233.0836573833077
373.3899844391757
544.0
-1
159.6828119338112
212.0507690083781
379.7335809421893
632.4724745577871
-1
55.375952264568014
197.48173766175643
432.8576899263245
544.0
-1
541020.306327055867996
233.0836573833077
373.3899844391757
544.0
-1
147.18686726813132
215.39799024156463
374.58485750969595
632.5855767885978
-1
55.375952264568014
197.48173766175643
432.8576899263245
544.0
-1
541020.306327055867996
233.0836573833077
373.3899844391757
544.0
-1
132.72428717520324
222.5185989693125
371.24288614451575
632.6830875942068
-1
55.375952264568014
197.48173766175643
432.8576899263245
544.0
-1
541020.306327055867996
233.0836573833077
373.3899844391757
544.0
-1
115.38931253069472
235.502795608479
370.89210813917373
632.7680225973603
-1
55.375952264568014
197.48173766175643
432.8576899263245
544.0
-1
541020.306327055867996
233.0836573833077
373.3899844391757
544.0
-1
177.77022562459695
215.6357271289134
393.40595275351035
624.9806775686184
-1
55.375952264568014
197.48173766175643
432.8576899263245
544.0
-1
541020.306327055867996
233.0836573833077
373.3899844391757
544.0
-1
168.85004244899676
213.44320434414647
386.2932467931432
625.7536791855315
-1
55.375952264568014
197.48173766175643
432.8576899263245
544.0
-1
541020.306327055867996
233.0836573833077
373.3899844391757
544.0
-1
158.17417639461985
213.88798115003294
380.0621575446528
626.4053566314085
-1
55.375952264568014
197.48173766175643
432.8576899263245
544.0
-1
541020.306327055867996
233.0836573833077
373.3899844391757
544.0
-1
145.70120033423268
217.38272198742806
375.0839223216607
626.9620592368153
-1
55.375952264568014
197.48173766175643
432.8576899263245
544.0
-1
541020.306327055867996
233.0836573833077
373.3899844391757
544.0
-1
131.1801702489381
224.79269219754406
371.97286244648217
627.4430535018366
-1
55.375952264568014
197.48173766175643
432.8576899263245
544.0
-1
541020.306327055867996
233.0836573833077
373.3899844391757
544.0
-1
113.50445241217665
238.57354532005968
372.0779977322363
627.862744050738
-1
55.375952264568014
197.48173766175643
432.8576899263245
544.0
-1
541020.306327055867996
233.0836573833077
373.3899844391757
544.0
-1
173.86945115394087
219.88708605301213
393.756537206953
618.0546040990771
-1
55.375952264568014
197.48173766175643
432.8576899263245
544.0
-1
541020.306327055867996
233.0836573833077
373.3899844391757
544.0
-1
165.1411237336605
217.754684337705
386.8958080713655
619.3791260113684
-1
55.375952264568014
197.48173766175643
432.8576899263245
544.0
-1
541020.306327055867996
233.0836573833077
373.3899844391757
544.0
-1
154.58919213069493
218.39440633594984
380.98359846664476
620.5042667192042
-1
55.375952264568014
197.48173766175643
432.8576899263245
544.0
-1
541020.306327055867996
233.0836573833077
373.3899844391757
544.0
-1
142.13423628448868
222.27834868716923
376.4125849716579
621.4711922908485
-1
55.375952264568014
197.48173766175643
432.8576899263245
544.0
-1
240520.306327055867996
233.0836573833077
373.3899844391757
544.0
-1
127.3823827709598
230.5195986612182
373.901981432178
622.3106308245608
-1
55.375952264568014
197.48173766175643
432.8576899263245
544.0
-1
541020.306327055867996
233.0836573833077
373.3899844391757
544.0
-1
108.41555734012036
247.0652502444642
375.48080758458457
623.0459373566016
-1
